4833160268331235|04|2025|012
4833160264242626|05|2028|711
4833160267265376|06|2028|018
4833160261808551|04|2025|313
4833160265035110|10|2028|520
4833160268884068|11|2028|677
4833160266177176|04|2027|700
4833160265035177|01|2025|148
4833160267640164|10|2028|240
4833160261557661|12|2026|554
4833160265417607|02|2027|614
4833160266661476|11|2028|827
4833160263800523|11|2025|074
4833160263817725|11|2027|208
4833160260886814|12|2025|302
4833160266155107|11|2025|387
4833160265345170|02|2027|856
4833160265240264|08|2026|868
4833160261050170|10|2027|818
4833160268416648|12|2028|504
4833160264618247|08|2026|361
4833160266166880|03|2025|876
4833160260856536|08|2028|724
4833160262254581|05|2028|435
4833160268568463|10|2028|282
4833160262807636|09|2027|323
4833160264247765|07|2027|463
4833160262812388|04|2026|271
4833160266618112|05|2026|362
4833160262675447|01|2028|352
4833160264884617|03|2025|031
4833160263884642|12|2026|321
4833160260656720|06|2026|051
4833160268632483|12|2027|064
4833160260414583|06|2027|113
4833160266160727|10|2027|352
4833160262418434|07|2027|821
4833160263111533|12|2026|702
4833160264656437|09|2028|758
4833160268720577|06|2028|655
4833160260666166|10|2026|204
4833160267317300|11|2026|137
4833160263444132|05|2028|206
4833160263853233|08|2026|820
4833160260571614|05|2025|151
4833160262828376|04|2025|040
4833160263017110|11|2026|553
4833160261113622|11|2028|114
4833160267631858|01|2025|827
4833160267441365|10|2028|023
4833160260380248|10|2028|425
4833160261752478|12|2028|462
4833160266576286|01|2025|466
4833160262024554|06|2028|483
4833160262516252|03|2025|478
4833160266433058|04|2027|352
4833160267383542|12|2025|835
4833160260023160|01|2027|611
4833160265587144|09|2028|252
4833160268776678|06|2025|415
4833160265366820|04|2025|874
4833160267030275|12|2028|350
4833160262428250|09|2027|677
4833160263486000|10|2028|850
4833160265145257|05|2025|273
4833160265005717|02|2026|334
4833160260536716|12|2027|547
4833160265512605|11|2027|878
4833160266365052|07|2028|087
4833160267650080|04|2026|844
4833160266572830|09|2025|652
4833160265306602|06|2025|627
4833160263531300|06|2025|633
4833160260364887|01|2026|426
4833160262282376|01|2026|163
4833160266371522|07|2028|365
4833160261368234|01|2025|411
4833160262514232|04|2028|165
4833160264403376|12|2028|222
4833160264830255|03|2027|753
4833160267266622|03|2028|370
4833160263451087|11|2027|020
4833160268672315|08|2027|710
4833160262188540|11|2027|865
4833160266358800|05|2027|037
4833160264271104|10|2028|274
4833160262657130|08|2025|766
4833160264424463|04|2026|061
4833160267574280|03|2027|002
4833160266860144|01|2027|234
4833160260852386|08|2027|116
4833160264666527|11|2027|140
4833160264431153|10|2028|502
4833160268613228|06|2028|422
4833160261435231|06|2028|468
4833160260505851|04|2028|507
4833160266250122|04|2026|105
4833160261710831|03|2025|622
4833160267058821|06|2028|451
4833160265002086|09|2028|268
